dropout_rate: 0.42667668908597994
learning_rate: 0.01848891257939504
unfreeze_layers: 8
weight_decay: 0.026836475045107742
