dropout_rate: 0.1588275855890199
learning_rate: 0.0003824776019235594
num_classes: 100
unfreeze_layers: 8
weight_decay: 0.09571088400011724
