dropout_rate: 0.39534975894705066
learning_rate: 0.002706471556739768
num_classes: 150
unfreeze_layers: 3
weight_decay: 0.06666958431442882
