dropout_rate: 0.4640612101925391
learning_rate: 0.0031739514797825856
unfreeze_layers: 1
weight_decay: 0.0001
