dropout_rate: 0.2903538439232585
learning_rate: 0.00018777606774170717
unfreeze_layers: 7
weight_decay: 0.004878073851651753
