dropout_rate: 0.12741513664116627
learning_rate: 0.04714863407158994
unfreeze_layers: 8
weight_decay: 0.08146891427703826
