dropout_rate: 0.3157207960541678
learning_rate: 0.00406155243760712
unfreeze_layers: 8
weight_decay: 0.07540717348806658
