dropout_rate: 0.25293962959936245
learning_rate: 0.00047343322911461594
num_classes: 100
unfreeze_layers: 7
weight_decay: 0.012090612181445519
