dropout_rate: 0.3798697834959224
learning_rate: 0.03675198812497387
unfreeze_layers: 1
weight_decay: 0.010471942536541627
